lat=44.430477
lon=26.100189
